4444.44444444 0.00000000 0.00000000 0.00000000 0.00000000 0.00000000 0.00000000 0.00000000 0.00000000 0.00000000 0.00000000 0.00000000 0.00000000 0.00000000 0.00000000 0.00000000 0.00000000
0.00000000 0.00241658 -0.01084251 -0.00097792 0.00654319 0.00009589 -0.00110348 0.00000000 0.00000000 0.00000000 0.00000000 0.00000000 0.00000000 0.00000000 0.00000000 0.00000000 0.00000000
0.00000000 -0.01084251 0.26703247 0.00497943 -0.13348379 -0.00089690 0.02032350 0.00000000 0.00000000 0.00000000 0.00000000 0.00000000 0.00000000 0.00000000 0.00000000 0.00000000 0.00000000
0.00000000 -0.00097792 0.00497943 0.00213609 -0.01297218 -0.00072281 0.00555905 0.00000000 0.00000000 0.00000000 0.00000000 0.00000000 0.00000000 0.00000000 0.00000000 0.00000000 0.00000000
0.00000000 0.00654319 -0.13348379 -0.01297218 0.36820704 0.00492437 -0.15352867 0.00000000 0.00000000 0.00000000 0.00000000 0.00000000 0.00000000 0.00000000 0.00000000 0.00000000 0.00000000
0.00000000 0.00009589 -0.00089690 -0.00072281 0.00492437 0.00117163 -0.00810070 0.00000000 0.00000000 0.00000000 0.00000000 0.00000000 0.00000000 0.00000000 0.00000000 0.00000000 0.00000000
0.00000000 -0.00110348 0.02032350 0.00555905 -0.15352867 -0.00810070 0.26703796 0.00000000 0.00000000 0.00000000 0.00000000 0.00000000 0.00000000 0.00000000 0.00000000 0.00000000 0.00000000
-0.00000000 -0.00000000 -0.00000000 -0.00000000 -0.00000000 -0.00000000 -0.00000000 0.03726934 0.00044850 -0.00000000 -0.00000000 -0.00000000 -0.00000000 -0.00000000 -0.00000000 -0.00000000 -0.00000000
0.00000000 0.00000000 0.00000000 0.00000000 0.00000000 0.00000000 0.00000000 0.00044850 0.00003738 0.00000000 0.00000000 0.00000000 0.00000000 0.00000000 0.00000000 0.00000000 0.00000000
0.00000000 0.00000000 0.00000000 0.00000000 0.00000000 0.00000000 0.00000000 0.00000000 0.00000000 0.00001797 -0.00012755 -0.00001718 0.00011928 0.00000240 -0.00002835 -0.00000062 0.00002174
0.00000000 0.00000000 0.00000000 0.00000000 0.00000000 0.00000000 0.00000000 0.00000000 0.00000000 -0.00012755 0.00751929 0.00016221 -0.00550809 -0.00001866 0.00070826 0.00003570 -0.00046924
0.00000000 0.00000000 0.00000000 0.00000000 0.00000000 0.00000000 0.00000000 0.00000000 0.00000000 -0.00001718 0.00016221 0.00010084 -0.00064899 -0.00010254 0.00038108 0.00001666 -0.00009565
0.00000000 0.00000000 0.00000000 0.00000000 0.00000000 0.00000000 0.00000000 0.00000000 0.00000000 0.00011928 -0.00550809 -0.00064899 0.01867354 0.00069210 -0.01090510 -0.00009133 0.00342436
0.00000000 0.00000000 0.00000000 0.00000000 0.00000000 0.00000000 0.00000000 0.00000000 0.00000000 0.00000240 -0.00001866 -0.00010254 0.00069210 0.00027419 -0.00091181 -0.00006064 0.00019520
0.00000000 0.00000000 0.00000000 0.00000000 0.00000000 0.00000000 0.00000000 0.00000000 0.00000000 -0.00002835 0.00070826 0.00038108 -0.01090510 -0.00091181 0.01594170 0.00017681 -0.00495620
0.00000000 0.00000000 0.00000000 0.00000000 0.00000000 0.00000000 0.00000000 0.00000000 0.00000000 -0.00000062 0.00003570 0.00001666 -0.00009133 -0.00006064 0.00017681 0.00006696 -0.00020798
0.00000000 0.00000000 0.00000000 0.00000000 0.00000000 0.00000000 0.00000000 0.00000000 0.00000000 0.00002174 -0.00046924 -0.00009565 0.00342436 0.00019520 -0.00495620 -0.00020798 0.00672305
